#Weights:
0.1          0.1         0.1           0.1           0.1           0.1            0.1          0.1         0.1          0.1
#Cost (1) or Benefit (0)?:
1             1            1              1              1              1               1             1            1              1
#Decision matrix:
0.4900    0.3900    0.7000    0.7900    1.4000    1.6000    0.6000    0.3700    1.7100    0.5500
0.2400    0.3000    0.6100    0.6800    1.8200    1.0400    0.5600    0.3600    0.9300    1.0300
0.5600    0.5700    1.0100    1.2500    0.5100    1.2400    0.3700    0.3200    1.2100    1.4000
0.4500    0.4700    0.8600    1.0500    1.8400    1.4700    0.7600    0.2400    1.9000    1.0800
0.4900    0.5800    0.6800    0.5900    1.8300    1.2100    0.8200    0.3100    1.0000    0.4000
0.8400    0.7300    0.8300    0.5500    2.3400    1.6600    0.8200    0.4900    1.2900    1.2800
0.5100    0.4400    0.8800    0.7900    2.3600    1.2800    0.9400    0.3200    1.2700    1.2000
0.4600    0.3200    0.7500    0.4300    1.2000    0.9300    0.0000    0.1300    0.7400    0.9000