#Weights:
0.25 0.15 0.10 0.20 0.05 0.10 0.05 0.10 
#Theta:
1 0 0 0 0 0 0 0 
#Decision matrix
0.068 0.103 0.1 0.075 0.045 0.069 0.174 0
0.091 0.064 0.067 0.05 0.045 0.046 0.087 0
0.068 0.123 0.033 0.05 0.091 0.057 0.043 0
0.068 0.044 0.067 0.075 0.091 0.057 0.174 0
0.114 0.127 0.1 0.1 0.182 0.103 0.043 0.143
0.045 0.031 0.067 0.075 0.045 0.057 0.043 0
0.023 0.03 0.033 0.025 0.045 0.046 0 0.143
0.114 0.028 0.067 0.075 0.045 0.069 0 0.143
0.045 0.043 0.067 0.075 0 0.069 0 0
0.045 0.042 0.033 0.075 0.045 0.057 0.043 0
0.091 0.099 0.067 0.05 0.091 0.08 0.174 0.143
0.023 0.032 0.33 0.025 0.045 0.057 0.087 0
0.045 0.057 0.1 0.075 0.091 0.069 0.043 0.143
0.068 0.113 0.1 0.075 0.091 0.092 0.087 0.143
0.091 0.064 0.033 0.1 0.045 0.069 0.043 0.143