#Weights:
0.25 0.15 0.10 0.20 0.05 0.10 0.05 0.10
# Theta (only the first value is catched)
1 0 0 0 0 0 0 0
#Decision matrix
0.068 0.103 0.100 0.075 0.045 0.069 0.174 0.000
0.091 0.064 0.067 0.050 0.045 0.046 0.087 0.000
0.068 0.123 0.033 0.050 0.091 0.057 0.043 0.000
0.068 0.044 0.067 0.075 0.091 0.057 0.174 0.000
0.114 0.127 0.100 0.100 0.182 0.103 0.043 0.143
0.045 0.031 0.067 0.075 0.045 0.057 0.043 0.000
0.023 0.030 0.033 0.025 0.045 0.046 0.000 0.143
0.114 0.028 0.067 0.075 0.045 0.069 0.000 0.143
0.045 0.043 0.067 0.075 0.000 0.069 0.000 0.000
0.045 0.042 0.033 0.075 0.045 0.057 0.043 0.000
0.091 0.099 0.067 0.050 0.091 0.080 0.130 0.143
0.023 0.032 0.033 0.025 0.045 0.057 0.087 0.000
0.045 0.057 0.100 0.075 0.091 0.069 0.043 0.143
0.068 0.113 0.100 0.075 0.091 0.092 0.087 0.143
0.091 0.064 0.067 0.100 0.045 0.069 0.043 0.143
