#Weights:
0.1          0.1         0.1           0.1           0.1           0.1            0.1          0.1         0.1          0.1
#Cost (1) or Benefit (0)?:
1             1            1              1              1              1               1             1            1              1
#Decision matrix:
3.4900    3.3500   25.8300   19.4200   30.8200   14.1000    4.4000    3.9400   18.9600   29.8400
3.4900    3.1300   26.2800   15.9600   30.4500   14.1000    4.5300    2.4000   19.0400   30.5000
2.2600    2.9600   25.7600   10.7700   30.7100   14.1000    5.0700    3.9000   19.1900   31.1600
2.7000    2.3500   24.8500   11.1100   31.5900   11.9000    4.2700    2.0000   19.4100   26.8400
2.6000    2.6800   25.0300   12.3600   32.0000   11.9000    4.0000    2.1000   19.0400   27.1000
2.0400    2.5700   25.3100   11.4400   29.6300   11.8100    4.0000    1.9800   20.4400   24.6400
2.4800    3.0700   29.9200   11.6200   31.3700   10.8600    4.6700    2.0000   22.3000   26.7200
1.5800    2.1300   24.3500   6.10000   28.4800   10.7600    4.0000    0.7900   18.5200   24.4000
